%YAML:1.0
---
points: [ 1.3333334028720856e-01, 2.4761904776096344e-01,
    4.0000000596046448e-01, 5.8095240592956543e-01,
    6.9999998807907104e-01, 7.3809522390365601e-01,
    7.8571426868438721e-01, 8.0000001192092896e-01,
    8.0952382087707520e-01, 8.1904762983322144e-01,
    8.4285712242126465e-01, 8.5714286565780640e-01,
    8.6666667461395264e-01, 8.9523810148239136e-01,
    8.8571429252624512e-01, 9.0952378511428833e-01,
    9.1904759407043457e-01, 9.2857140302658081e-01,
    9.1904759407043457e-01, 9.2380952835083008e-01,
    9.2380952835083008e-01, 9.2380952835083008e-01,
    9.1904759407043457e-01, 9.1904759407043457e-01,
    9.1904759407043457e-01, 9.1904759407043457e-01,
    9.1904759407043457e-01, 9.2857140302658081e-01,
    9.3333333730697632e-01, 9.3333333730697632e-01,
    9.3333333730697632e-01, 9.3333333730697632e-01,
    9.3333333730697632e-01, 9.3809521198272705e-01,
    9.3809521198272705e-01, 9.4285714626312256e-01,
    9.4285714626312256e-01, 9.3809521198272705e-01,
    9.3809521198272705e-01, 9.3809521198272705e-01,
    9.3809521198272705e-01, 9.3809521198272705e-01,
    9.3809521198272705e-01, 9.3809521198272705e-01,
    9.4285714626312256e-01, 9.4285714626312256e-01,
    9.4285714626312256e-01, 9.4285714626312256e-01,
    9.4285714626312256e-01, 9.4285714626312256e-01,
    9.4285714626312256e-01, 9.4285714626312256e-01,
    9.4285714626312256e-01, 9.4285714626312256e-01,
    9.4285714626312256e-01, 9.4285714626312256e-01,
    9.4285714626312256e-01, 9.4285714626312256e-01,
    9.4285714626312256e-01, 9.4285714626312256e-01,
    9.4285714626312256e-01, 9.4285714626312256e-01,
    9.4285714626312256e-01, 9.4285714626312256e-01,
    9.4285714626312256e-01, 9.4285714626312256e-01,
    9.4285714626312256e-01, 9.4285714626312256e-01,
    9.4285714626312256e-01, 9.4285714626312256e-01,
    9.4285714626312256e-01, 9.4285714626312256e-01,
    9.4285714626312256e-01, 9.4285714626312256e-01,
    9.4285714626312256e-01, 9.4285714626312256e-01,
    9.4285714626312256e-01, 9.4285714626312256e-01,
    9.4285714626312256e-01, 9.4285714626312256e-01,
    9.4285714626312256e-01, 9.4285714626312256e-01,
    9.4285714626312256e-01, 9.4285714626312256e-01,
    9.4285714626312256e-01, 9.4285714626312256e-01,
    9.4285714626312256e-01, 9.4285714626312256e-01,
    9.4285714626312256e-01, 9.4285714626312256e-01,
    9.4285714626312256e-01, 9.4285714626312256e-01,
    9.4285714626312256e-01, 9.4285714626312256e-01,
    9.4285714626312256e-01, 9.4285714626312256e-01,
    9.4285714626312256e-01, 9.3809521198272705e-01,
    9.3809521198272705e-01, 9.3809521198272705e-01,
    9.4285714626312256e-01, 9.4285714626312256e-01,
    9.4285714626312256e-01, 9.3809521198272705e-01,
    9.3809521198272705e-01, 9.3809521198272705e-01,
    9.4285714626312256e-01, 9.3809521198272705e-01,
    9.3809521198272705e-01, 9.3809521198272705e-01,
    9.3809521198272705e-01, 9.3809521198272705e-01,
    9.3809521198272705e-01, 9.3809521198272705e-01,
    9.3809521198272705e-01, 9.3809521198272705e-01,
    9.3809521198272705e-01, 9.3809521198272705e-01,
    9.3809521198272705e-01, 9.3809521198272705e-01,
    9.3809521198272705e-01, 9.3809521198272705e-01,
    9.3809521198272705e-01, 9.3809521198272705e-01,
    9.3809521198272705e-01, 9.3809521198272705e-01,
    9.3809521198272705e-01, 9.3809521198272705e-01,
    9.3809521198272705e-01, 9.3809521198272705e-01,
    9.3809521198272705e-01, 9.3809521198272705e-01,
    9.3809521198272705e-01, 9.3809521198272705e-01,
    9.3809521198272705e-01, 9.4285714626312256e-01,
    9.4285714626312256e-01, 9.4285714626312256e-01,
    9.4285714626312256e-01, 9.4285714626312256e-01,
    9.4285714626312256e-01, 9.4285714626312256e-01,
    9.4285714626312256e-01, 9.4285714626312256e-01,
    9.4285714626312256e-01, 9.4285714626312256e-01,
    9.4285714626312256e-01, 9.4285714626312256e-01,
    9.4285714626312256e-01, 9.4285714626312256e-01,
    9.4285714626312256e-01, 9.4285714626312256e-01,
    9.4285714626312256e-01, 9.4285714626312256e-01,
    9.4285714626312256e-01, 9.4285714626312256e-01,
    9.4285714626312256e-01, 9.4285714626312256e-01,
    9.4285714626312256e-01, 9.4285714626312256e-01,
    9.4761902093887329e-01, 9.4285714626312256e-01,
    9.4285714626312256e-01, 9.4761902093887329e-01,
    9.4761902093887329e-01, 9.4761902093887329e-01,
    9.4761902093887329e-01, 9.4761902093887329e-01,
    9.4761902093887329e-01, 9.4761902093887329e-01,
    9.4761902093887329e-01, 9.4285714626312256e-01,
    9.4761902093887329e-01, 9.4761902093887329e-01,
    9.4761902093887329e-01, 9.4761902093887329e-01,
    9.4761902093887329e-01, 9.4761902093887329e-01,
    9.4761902093887329e-01, 9.4761902093887329e-01,
    9.4761902093887329e-01, 9.4761902093887329e-01,
    9.4761902093887329e-01, 9.4761902093887329e-01,
    9.4761902093887329e-01, 9.4761902093887329e-01,
    9.4761902093887329e-01, 9.4761902093887329e-01,
    9.4761902093887329e-01, 9.4761902093887329e-01,
    9.4761902093887329e-01, 9.4761902093887329e-01,
    9.4761902093887329e-01, 9.4761902093887329e-01,
    9.4761902093887329e-01, 9.4761902093887329e-01,
    9.4761902093887329e-01, 9.4761902093887329e-01,
    9.4761902093887329e-01, 9.4761902093887329e-01 ]
gap: 1
